/home/sooda/data/photo_02_8166/003bb03e10d13ccc58cc0709dc790acb2712eca90f8fd157ac64b4597ffe53bd.jpg 287 282 528 309 399 456 268 515 494 538 
/home/sooda/data/photo_02_8166/003bb096d8210360dcd9bab777645a21cfb2476fbc542af9c13eddb0974ed635.jpg 239 246 382 248 332 315 263 398 363 397 
/home/sooda/data/photo_02_8166/003bb0d09f84a06afc460e6019ab80a886b7edcfaa152951b30b458253179cd9.jpg 227 224 396 188 371 288 249 394 427 363 
/home/sooda/data/photo_02_8166/003bb1041679eedb7e09b55fef2e9e8fdcd4ce0123a214519faf41853ca3c06b.jpg 261 96 377 91 314 173 274 216 364 215 
/home/sooda/data/photo_02_8166/003bb13b20cc27beca7e0a0dcfce3366b10bdbdb3bd2fa7071fa2f3027621ad9.jpg 300 256 420 254 361 327 308 374 419 372 
/home/sooda/data/photo_02_8166/003bb1ad98bda2cd335c49bf31249495889f7670d7eded3b222e10a597bd1143.jpg 198 238 425 227 303 401 232 486 418 487 
/home/sooda/data/photo_02_8166/003bb1dc49fe3b07ce0d4149a9aeb7448a715f2cce3bd01911598d6461d5cb9e.jpg 269 277 516 265 386 422 296 538 514 535 
/home/sooda/data/photo_02_8166/003bb221a2d7f93f382415b84978e8932d6b2340ed6d4669e325433ea0738e7d.jpg 231 240 400 240 314 364 251 401 383 404 
/home/sooda/data/photo_02_8166/003bb234a493374061741e0d1d7fda2dcb609cd692acb4bda904250379920c85.jpg 369 414 751 408 551 645 393 852 737 852 
/home/sooda/data/photo_02_8166/003bb24dcbafeab440ad17dd2706e05d5b7e2fc6b66c1bf0bbf894f3ae99ab9f.jpg 302 283 448 285 383 372 302 410 441 407 
/home/sooda/data/photo_02_8166/003bb26e24c8d3c2b9f53af0beb6f618ff9865c48556ff4213ca781615aafe22.jpg 308 279 465 284 381 385 331 453 441 456 
/home/sooda/data/photo_02_8166/003bb2c20314b514f052b4a4c585944b0bdf15f0af997daec63d2594775f405e.jpg 222 96 388 93 316 186 225 259 386 256 
/home/sooda/data/photo_02_8166/003bb2cf4af498ee4658490bbcf3361f31d9ce38655683762ccffd1a08f41e69.jpg 235 258 451 245 362 406 246 454 455 446 
/home/sooda/data/photo_02_8166/003bb3116bc29140c999f6d23fd565099071c2c6139c296d6a02e2231eafb001.jpg 267 239 374 238 324 302 284 376 359 375 
/home/sooda/data/photo_02_8166/003bb3390b3fe6a2200a67084a09dfd1f43285d3ea0427387f45a17983ea87a6.jpg 233 229 419 229 326 318 244 418 401 421 
/home/sooda/data/photo_02_8166/003bb34ead9f0f4c8750b88a2a90509b60048154aa4389625c82df95a638732c.jpg 227 294 478 288 376 459 255 542 457 537 
/home/sooda/data/photo_02_8166/003bb362720c9d2f55383f3917cc38891ba6beae44d511528a52a737b64cd3c1.jpg 250 231 391 233 319 306 260 373 377 373 
/home/sooda/data/photo_02_8166/003bb43f1a651c242c2167001543fa3f945d8424f305b4c8c6a5139ca169b8be.jpg 239 192 378 196 306 255 258 332 365 333 
/home/sooda/data/photo_02_8166/003bb45072ee48cdb247ea222ffa23e6d7a914ae34c27972417d0027c7173831.jpg 254 271 411 272 338 363 268 446 402 448 
/home/sooda/data/photo_02_8166/003bb49039449c01af4f0676474a5312657354f0b9416e23727b6d26c83350dc.jpg 216 250 417 244 325 354 222 439 421 433 
/home/sooda/data/photo_02_8166/003bb4ad1c28c0ecbeddc829975c74dfc66518dd7edf1e1e82652761c0ee5055.jpg 278 284 456 278 370 371 296 472 465 468 
/home/sooda/data/photo_02_8166/003bb4fab50447f6d0fcfd13e4bf55fb33ba3cffc3d2721428f57cf643badc3a.jpg 222 185 391 187 307 294 236 348 381 349 
/home/sooda/data/photo_02_8166/003bb51eed9cb25b9c7b36628fca7a2174c7192574000fb88f3b54e3a5332bd7.jpg 500 383 718 390 625 534 522 599 671 607 
/home/sooda/data/photo_02_8166/003bb52dd1794775e95636f6b7a1588b9634a7e080832b11d45c9c85276e6ddc.jpg 260 271 486 275 375 393 276 528 466 533 
/home/sooda/data/photo_02_8166/003bb58855457388174a6d0722f67830b43c2064633e2ab4b8afb11ed24810d9.jpg 255 257 500 262 388 398 267 488 482 492 
/home/sooda/data/photo_02_8166/003bb5889a143a2fb58f5dac5087f3e613e9af3ca9b13e753453af06acceb597.jpg 294 285 464 270 368 400 312 450 446 442 
/home/sooda/data/photo_02_8166/003bb58a9a33d60defd189a31b9e6ca7c586850c13cb6a7a1e3ce08cbecf7edd.jpg 251 177 410 175 308 259 260 330 408 335 
/home/sooda/data/photo_02_8166/003bb58f48549415c24a7e9fcadba901ef30a1d2c9eab78e5bc6692a89df56ba.jpg 258 206 360 204 308 269 258 309 361 308 
/home/sooda/data/photo_02_8166/003bb659a5736222e632bfc47af8c5d8d1297b2f67e80a219fd2b8f1522990df.jpg 238 306 496 302 361 460 253 565 480 561 
/home/sooda/data/photo_02_8166/003bb66e5cc9f91157461c44c9ddec167ccd5709539e793ad56a65f84a48d17a.jpg 263 240 380 243 318 296 263 362 372 364 
/home/sooda/data/photo_02_8166/003bb68fbdab5883834b51e9461110c5b4517004d1190fb9b31cf90219646dfe.jpg 259 166 457 164 389 308 279 400 443 393 
/home/sooda/data/photo_02_8166/003bb6c82ec91fe23e193c9f68e82f336f1a50e312ae64cc0cc274583e8acc29.jpg 229 239 420 231 320 344 240 439 441 433 
/home/sooda/data/photo_02_8166/003bb728019e5aa183ff3538f0ce28367f39ae14cbf952c8bd2a88597a21742c.jpg 289 272 466 275 373 398 302 457 449 459 
/home/sooda/data/photo_02_8166/003bb78aa131ae6b327f9ccc62b4fd640586ee0a6127e2dee31876857405d770.jpg 225 185 440 180 324 260 234 425 424 422 
/home/sooda/data/photo_02_8166/003bb7c6cc7fe6da31ee00de4d7033d67ea3143558f90c6375f4d2da23825e0a.jpg 205 184 411 178 313 275 241 387 383 380 
/home/sooda/data/photo_02_8166/003bb8289ee10e23b6d3822841ba1e1251ea3f298e78d06294e9a32970c74404.jpg 236 174 399 182 318 286 230 347 392 354 
/home/sooda/data/photo_02_8166/003bb87f0e6bad6056bed5cbf8d9b8a09437116582553858f9f5f6d4fa2c76c9.jpg 232 167 423 178 338 261 237 355 412 357 
/home/sooda/data/photo_02_8166/003bb933b34bcfe6ef7f2eca75ab7b4cfa8e5d3fce7e1fcf17be2d4fce2d4c22.jpg 229 180 395 177 315 267 241 345 391 345 
/home/sooda/data/photo_02_8166/003bb972722ad743698e3380b289cc28cb7eee3ed42d176a8e35990498165289.jpg 294 265 467 265 371 360 301 444 452 444 
/home/sooda/data/photo_02_8166/003bb99b4ad4d03135a71b1eb686a24b74ee17325a7e374335b2d5969f495a98.jpg 232 240 405 235 318 341 256 418 391 421 
/home/sooda/data/photo_02_8166/003bb9f4eddbd3bf2c9fc48e87def8f6ffda69aa35685416b28aa6cb64cbcc65.jpg 310 280 429 271 383 352 330 410 424 404 
/home/sooda/data/photo_02_8166/003bba1e75caf09c8a65ea2ea71ffa676423dc9627daa0b93a8e2e4a9aadcc14.jpg 213 227 429 209 330 358 245 450 420 439 
/home/sooda/data/photo_02_8166/003bba58007978a24bde93169a475c87e676bb0113a99ffd274067d99da05db6.jpg 309 268 454 270 379 364 309 416 446 419 
/home/sooda/data/photo_02_8166/003bba99772caebafeb96c1123fb58ff8ea67dcdf1bbd321ce8ae9e2e151a2b6.jpg 311 304 402 302 379 352 330 410 401 404 
/home/sooda/data/photo_02_8166/003bbab68207d6331ffe7436008e7002d6c945596533d6d87fd4f280e8908f51.jpg 244 276 515 277 384 457 261 588 485 590 
/home/sooda/data/photo_02_8166/003bbad23561571d2f9ec7ee13874adb420dbd95eeee70c8a4a2be3c6d27127a.jpg 400 288 777 274 625 499 465 686 738 668 
/home/sooda/data/photo_02_8166/003bbb0a1e4a9da47dcd5fcca14be03f1ae4035ae08d201f271af87125d4e845.jpg 414 480 840 469 608 711 437 884 808 883 
/home/sooda/data/photo_02_8166/0040a0095329a305c0084110c78f8f4d4f1446db632307777df2be15a879c76b.jpg 207 219 406 221 282 360 230 435 384 445 
/home/sooda/data/photo_02_8166/0040a0392bc32bac0c76636badfd5ce4dc4bd3e2ecdcd6d30e553eabbfc65872.jpg 236 191 388 182 307 267 256 345 386 346 
/home/sooda/data/photo_02_8166/0040a0fabf18741c5b3cce96dd5bd3c5ad04fac5ab5c96effa777fdf907e5501.jpg 275 226 340 211 314 248 293 288 351 277 
/home/sooda/data/photo_02_8166/0040a13bedd6028c4a6c2bdcba91b146cc7cdd89699c0938e1d4f0eec76f9c08.jpg 309 284 445 282 371 374 331 431 435 426 
/home/sooda/data/photo_02_8166/0040a154cf0514c767b4ad45a9d6b0b435e30ad6c3f98c43386539b49460078a.jpg 263 284 465 280 360 404 281 484 449 482 
/home/sooda/data/photo_02_8166/0040a176891cdb2d98f5eb30f6f45c37ca4af04f2c2a8b7fcdba4967e5da3eee.jpg 257 268 478 266 365 426 269 480 475 484 
/home/sooda/data/photo_02_8166/0040a2116bdec8a5f788c8c98371c491fdb69dd47ab7e442c5a580e06b03519e.jpg 234 149 400 141 328 257 263 332 387 329 
/home/sooda/data/photo_02_8166/0040a22a2f192b4692a42388aff9d3bc7eb79ae315a20ad1b426e3b873b05718.jpg 325 218 422 231 367 284 331 329 393 335 
/home/sooda/data/photo_02_8166/0040a2335a2da594e0c9464d893de96d200552563cd21ce509498a44dd594ab2.jpg 201 219 458 230 319 360 220 472 420 481 
/home/sooda/data/photo_02_8166/0040a247bf6c9734d59d3a498173e713162d739b772bc082dc1a10e14475816b.jpg 344 277 798 273 569 561 370 680 760 674 
/home/sooda/data/photo_02_8166/0040a252dc5215538194b9c81129b0a6df5ad9cc3fc3d99d2d877329cff6219d.jpg 233 300 390 285 328 375 262 475 399 463 
/home/sooda/data/photo_02_8166/0040a286f556ef90fa3c1fad8f5dd93a8f10134e1da4e899284dd9995c8be809.jpg 261 196 401 183 320 272 284 338 417 325 
/home/sooda/data/photo_02_8166/0040a29322111801b4946a9994692f37697b1c8d320be15363e35693b2ea52b1.jpg 240 208 374 213 330 296 242 353 357 355 
/home/sooda/data/photo_02_8166/0040a310f7026a62a107842818d212dfb0c42ce67c9db192ef6024f8fa77744f.jpg 266 277 465 275 382 385 263 473 475 467 
/home/sooda/data/photo_02_8166/0040a3e278e693bb1948c14e7cfffc7537a51140686013f72cf1ee50e8c38d92.jpg 242 268 395 275 314 368 246 407 384 413 
/home/sooda/data/photo_02_8166/0040a3f91589a63bcf1b6d4ecc1b42cf016e88de85e9848a1e26143a3fe1b2b4.jpg 187 211 421 222 341 390 173 425 428 429 
/home/sooda/data/photo_02_8166/0040a4095fe5b84fefc15f758d8b39ec30e1b6c259c883c09f0ea5badf93a890.jpg 316 304 451 288 369 383 327 445 470 432 
/home/sooda/data/photo_02_8166/0040a41509b5331c2f050e15ae86d10c1e1af8f85a386f8da0512aca9261d365.jpg 292 254 370 259 310 287 295 330 356 336 
/home/sooda/data/photo_02_8166/0040a439334394470e78083ae7ee24ef1b5699d2b200f86f22a9fb0a7d79f646.jpg 282 266 452 267 372 388 264 418 462 415 
/home/sooda/data/photo_02_8166/0040a491c56c53dd254ddd25b39d0f1086dd094c752554cabccb2eb35eb226f1.jpg 243 204 402 216 336 318 232 353 384 362 
/home/sooda/data/photo_02_8166/0040a51f7ed823ab9734987833e67ebd3c801c0aeb75fdcad8825dd0ebd56d11.jpg 258 264 407 272 309 410 266 425 407 430 
/home/sooda/data/photo_02_8166/0040a520d6b0b99c5372a6d6b340dc7c9d9ab8ab44e7f5c867d3548b108adbcc.jpg 256 314 457 310 362 437 265 505 457 503 
/home/sooda/data/photo_02_8166/0040a53fc0f2fd346f380e64f9ab03477f76fe2689b5e33bfc14db53589bc1a0.jpg 232 200 392 209 309 296 241 367 364 377 
/home/sooda/data/photo_02_8166/0040a590f948581f361741fcd72111953f95aa1fdb329a4e6e2bed96937a3b6d.jpg 203 182 445 186 316 295 187 405 450 409 
/home/sooda/data/photo_02_8166/0040a5c6065e70f872b11f5fe4ef590a46dbaf4771941e1d83035a42f17c5c17.jpg 252 318 456 311 359 431 290 537 436 530 
/home/sooda/data/photo_02_8166/0040a5d2927663d4afa82a2a09fd0053d289650760a92930a721c6c0dd08fdfd.jpg 267 290 463 295 363 412 286 484 436 485 
/home/sooda/data/photo_02_8166/0040a600dd81f6ffba032b1fbcaf01a2c71630dbc82b94ea76b378398bb12b8a.jpg 458 246 801 246 641 500 480 635 793 621 
/home/sooda/data/photo_02_8166/0040a612d33e7338fab8b9e99f16f9ade9900d155629d426870834be3a365dd1.jpg 326 120 427 127 374 171 335 234 410 239 
/home/sooda/data/photo_02_8166/0040a621e7ecad3c3b55e7ac64f284d07612762dccbd929bedd7296665ef534c.jpg 407 481 896 467 674 751 478 954 858 948 
/home/sooda/data/photo_02_8166/0040a634ac326fbd92a987e33105852268ec7bffeba0f109fe9992f7c827e50c.jpg 229 194 430 213 309 315 234 418 398 432 
/home/sooda/data/photo_02_8166/0040a69c709c3fb20e5f1383aa3785372b9a4287e7d9a9cc0141c82d2730a075.jpg 221 296 485 299 340 475 219 565 487 567 
/home/sooda/data/photo_02_8166/0040a6b0facb432cd753d200606f5d573442f2071a011521e7ba2da2908c7417.jpg 305 281 443 284 375 365 315 432 433 435 
/home/sooda/data/photo_02_8166/0040a6b23347af98ed7f2e0a435ef1e1e633c6a9b48661adaa993ddc20e7251a.jpg 233 196 409 191 317 305 261 387 389 387 
/home/sooda/data/photo_02_8166/0040a6bdfb750107b428709fd293fd8d932c6c0a33ed4396fcd4cfb91d4963b7.jpg 270 177 458 198 377 292 273 387 423 400 
/home/sooda/data/photo_02_8166/0040a6c89229d059323d6fc5800c3c82c6eedae8e1e93bd6927a5ab7525349e9.jpg 251 229 446 231 332 318 248 415 449 416 
/home/sooda/data/photo_02_8166/0040a6ca06fe3f47f86807145423c64745b0f79c87f604490215e3b142df387d.jpg 200 244 450 243 331 329 220 480 433 475 
/home/sooda/data/photo_02_8166/0040a6e17b9793f7506517fca33a48b8e20381ac543185d81181600b71c19be9.jpg 216 166 400 165 324 239 242 359 385 358 
/home/sooda/data/photo_02_8166/0040a705339b53ee6def8dacb73aef83ddbcb18eb00870c57ae291c0591f41c1.jpg 205 239 416 242 334 389 214 490 363 488 
/home/sooda/data/photo_02_8166/0040a727bf6d467dfd283f6c0f6ba8bd3ccb3ad8cba8ce829e1c175f2426eb28.jpg 251 95 384 102 316 189 247 230 379 232 
/home/sooda/data/photo_02_8166/0040a733b0cf481c55f4b8c3964b8f65018fe98fe0e3f14fab14910db0442b4f.jpg 208 200 396 202 305 309 228 394 370 398 
/home/sooda/data/photo_02_8166/0040a7a294b0d6cafafd4fec39492d052ebd78cf13d8619b76bc5175145f2bb0.jpg 366 540 858 511 643 805 429 1029 862 987 
/home/sooda/data/photo_02_8166/0040a7ab3565054b1e60dcbcc979e4d6a8cae451b2d65d410678b6a0a9aadc66.jpg 253 170 434 186 336 275 240 337 419 354 
/home/sooda/data/photo_02_8166/0040a7cfc798127348752befd4c20bbcfa9d3a33265c5eea1c6bee360ccb06b4.jpg 406 444 832 443 609 770 469 920 787 930 
/home/sooda/data/photo_02_8166/0040a8417dd2d7c1e92b3c2810e512ad757555aeda211e534a520047a797f5f5.jpg 246 239 396 232 319 319 272 393 384 390 
/home/sooda/data/photo_02_8166/0040a862d5e2da042c2169516596012a63ff6f8e6b5022396aa7beffbdb74d3b.jpg 237 247 386 245 327 345 256 421 372 417 
/home/sooda/data/photo_02_8166/0040a88f966495b2006544c5cb60c8bb1dd2d22e5f057b80c9a4c91aebdae35e.jpg 487 476 750 486 609 688 515 754 710 766 
/home/sooda/data/photo_02_8166/0040a8a78f721f44c868917ec7af183755dbcf35d704a213b65601ecae644d9f.jpg 248 238 386 233 316 322 254 379 380 375 
/home/sooda/data/photo_02_8166/0040a8e75b576d4faad78e885bfd278d82f18e0c2047026956abaeac040fd6b9.jpg 221 179 406 178 316 260 233 383 396 379 
/home/sooda/data/photo_02_8166/0040a9acff3ffc257870d3eff832e0d4e8439b9ba1367cdd7e35e51326208c42.jpg 240 156 430 158 314 269 240 343 431 345 
/home/sooda/data/photo_02_8166/0040a9efadb4b68442ad25842ba79d2dc936a2d753a319c047d1bed53d808824.jpg 225 228 413 227 321 350 240 417 407 422 
/home/sooda/data/photo_02_8166/0040aa2b18d62ac38602d3e171b662d1a12a46d1fb2390e96882280a54062eed.jpg 236 303 504 289 373 427 269 572 485 567 
/home/sooda/data/photo_02_8166/0040aa37bdf9b37e1e438ff85a6423ec6510230e393ccbece82e3bae581db3cf.jpg 248 243 394 240 323 319 268 408 374 406 
/home/sooda/data/photo_02_8166/0040aa49c4eeab12920d9778532179a8a8fbc25842ff197a66d774e394947c0b.jpg 242 230 396 236 320 335 240 387 384 392 
/home/sooda/data/photo_02_8166/0040aa8bb375ac56a94962a51420c80cb05c89951cdf09bd4846d6aa04860a88.jpg 247 272 369 254 310 329 271 402 376 391 
/home/sooda/data/photo_02_8166/0040aaf8eecbf74c9baafc23133dc2d0557c41012006742199fab64b3df2a7fc.jpg 240 224 394 226 314 289 238 393 383 394 
/home/sooda/data/photo_02_8166/0040ab0b796e18091691bec4111318aef58400e4689ef7a0c8ae290d60d5bd7e.jpg 223 170 419 168 316 281 250 369 400 364 
/home/sooda/data/photo_02_8166/0040ab383dc9a2df3c812e8fd9947bc342ec14fb27b51b7404d6b55b0d18f557.jpg 178 97 453 98 327 261 202 373 419 375 
/home/sooda/data/photo_02_8166/0040ab3dd10dd623ce14d2f12a5d2fe223c7b03214f61c83be66556c93ab10f8.jpg 329 282 458 283 371 361 327 407 469 409 
/home/sooda/data/photo_02_8166/0040ab48da1a427837fe066a1482d08c1dd7b349253ee143e73003b342c0f107.jpg 477 327 685 318 623 453 504 554 690 540 
/home/sooda/data/photo_02_8166/0040ab5dc2e4657008782f850a13a45e01ab9ce6937e4ba16f0197256417f329.jpg 427 472 825 473 632 762 463 887 790 899 
/home/sooda/data/photo_02_8166/0040ab9617541fa568cd0c37d1ad6aa900f5c3c20a4f79f65c551540008094c3.jpg 216 278 548 262 404 453 251 626 515 610 
/home/sooda/data/photo_02_8166/0040abd3db5cc795396358abdd83e90136576598cd9274c2cba46799c068f4c3.jpg 213 203 465 188 316 376 260 460 483 449 
/home/sooda/data/photo_02_8166/0040abd5bcb477fc506c13a24556bd0abe3d09bf2d2753c96f51fef275529782.jpg 237 188 401 190 317 285 255 364 377 361 
/home/sooda/data/photo_02_8166/0040abf036a43699512c6f00e49f7621dcd0f4936a70e4c32e306d02776e80ec.jpg 448 439 779 446 616 643 495 799 729 807 
/home/sooda/data/photo_02_8166/0040ac13486b233ac7cbffb79629dcd138d3ead3834df37d3f81e4480223b8bb.jpg 303 284 432 276 378 355 308 414 442 406 
/home/sooda/data/photo_02_8166/0040ac3933416b45836a032a1801dd0a197fd7ca7bf75416d406e0b8091f6cdf.jpg 459 424 815 452 643 691 449 763 806 779 
/home/sooda/data/photo_02_8166/0040ac3edd3d54a6bddb92ac95b321a51a3f33de0ed31f433dc286b0ef91fc14.jpg 213 236 393 234 305 338 227 414 387 410 
/home/sooda/data/photo_02_8166/0040ac52d8372861eac93704cdea8bd98e0d89215c0ab118e97965a6cafedfff.jpg 317 279 426 287 369 348 328 397 401 403 
/home/sooda/data/photo_02_8166/0040ac5fcda67483c866dc5b5a69de0791b523c9b9d07f5aeb527b5db7c18283.jpg 447 317 716 321 652 482 475 622 701 621 
/home/sooda/data/photo_02_8166/0040ac830466082740f8a4f4376006aec9c5029071e0db21172f27d2a102ce8d.jpg 258 224 381 223 315 290 274 358 363 359 
/home/sooda/data/photo_02_8166/0040ac9355a94ae1f0cd51da8f6df34b9c2c655eaca8dde6caa9b215834323d0.jpg 303 292 458 297 393 375 316 460 441 463 
/home/sooda/data/photo_02_8166/0040ac960ba82989e5f6efb1a91eed55033adff9725e32b3317fcde7d0ea6353.jpg 241 273 473 277 360 407 267 513 447 519 
/home/sooda/data/photo_02_8166/0040acadaa965748f48492962153fcafa96541214b050341e7a6c63315845043.jpg 234 189 397 185 314 273 258 335 384 332 
/home/sooda/data/photo_02_8166/0040acd52c06dbf0c82d1fc1e51fc3ebdcfa1e6163140a17e043bed439c9e595.jpg 242 248 395 249 321 340 266 391 374 391 
/home/sooda/data/photo_02_8166/0040acdfa143b067700f77b23c5a88a1cb9d80666dfeae195cd7eed062c8996e.jpg 237 236 396 241 315 300 240 392 386 397 
/home/sooda/data/photo_02_8166/0040ace6efd310b089cea0f26efb6d9e380e94b773895f44b5e79e49f63bff25.jpg 219 257 390 259 314 342 220 427 379 427 
/home/sooda/data/photo_02_8166/0040acf41faf8550a0e3daed76637398e93387b6ca21be715ee3d78ef24cf213.jpg 252 231 443 239 326 333 252 433 431 444 
/home/sooda/data/photo_02_8166/0040ad10b66d751fab53aa1415fffbaccc64ee5211304c41093a7bd5ef88596b.jpg 184 106 361 116 267 191 203 301 329 304 
/home/sooda/data/photo_02_8166/0040ad52fa10f6ac982629f6d8972eb3ab6687249008335267b885b587dc9a32.jpg 503 442 776 449 656 589 520 744 755 746 
/home/sooda/data/photo_02_8166/0040ad8873399505f299c51bf05e917e50bd301d3eadacc8b22eea761933a629.jpg 269 228 375 237 321 289 267 341 369 341 
/home/sooda/data/photo_02_8166/0040ad8d74788a07bf2c0ff5763a743812e5e25efef2743c72ada3493fa47ab8.jpg 206 134 415 139 314 257 224 353 398 354 
/home/sooda/data/photo_02_8166/0040add72a6db9cec7b14dc968c6a98d54e899adb0baf2f1c14bc33deccb6e41.jpg 191 180 448 174 331 316 228 428 415 429 
/home/sooda/data/photo_02_8166/0040ae005e56f8aba54d52b59a8afe6e1a141c5686d2e01e02ec7136ee22f44d.jpg 195 245 401 240 317 371 222 479 393 468 
/home/sooda/data/photo_02_8166/0040ae3f473c52dca46fce0270dced34254619d1ba0b8c1e6fb05cdf4df68ded.jpg 226 273 407 267 317 379 217 424 427 417 
/home/sooda/data/photo_02_8166/0040ae4485db5d4c1d04d67ff48860b535cc8c56d31f7f086daac1320af2b090.jpg 234 245 391 245 318 342 250 403 370 400 
/home/sooda/data/photo_02_8166/0040ae54471d545b476a5ceb4b4cf21c003f7db0bdc0f93bf6f662c6ab2079b9.jpg 291 268 420 261 375 324 316 404 422 398 
/home/sooda/data/photo_02_8166/0040ae8a7766d4653983d94373305d7d6346d7e23ff60ca1e920cab696f14d0e.jpg 489 436 697 433 593 541 510 690 674 684 
/home/sooda/data/photo_02_8166/0040aee5e2e1cdcedba65a31ccdd17b4281bd9368ee28e065e8ddb3a12b4434f.jpg 190 234 448 226 307 363 237 470 437 463 
/home/sooda/data/photo_02_8166/0040aeed99e200857a860a437f16557246e651551395136147e870d2eff3694f.jpg 183 214 281 209 231 262 197 303 282 298 
/home/sooda/data/photo_02_8166/0040aef4112e708d0875d141f6f48bd4810e4180de5f45dd827aad8702631955.jpg 202 237 422 231 322 360 229 460 409 453 
/home/sooda/data/photo_02_8166/0040af383579fc5e624ac38ca5f34866fc14f9b08d3a980d2855c9e9ddac0795.jpg 223 242 414 240 308 331 227 420 420 419 
/home/sooda/data/photo_02_8166/0040af461aa5f0d1f5d9eabb62aa9a2e189b5bb02fdfd9f71fb3b30690c23ad7.jpg 286 287 434 275 377 339 310 441 425 433 
/home/sooda/data/photo_02_8166/0040af5477ca885c2fc8972d2aa12ee403009f61f80cb2b44e4a5d404724e7fb.jpg 65 174 291 93 220 259 160 388 341 329 
/home/sooda/data/photo_02_8166/0040afbaccab911b442d2e613a60db4a248a872b9e945bf8e306a38067b8b831.jpg 286 286 468 287 385 355 322 482 451 479 
/home/sooda/data/photo_02_8166/0040afd89ba018d4d2c6cd127a4bd337318f35c4f6f440739c53c44b3e0b3ad1.jpg 210 239 410 235 331 370 231 441 386 436 
/home/sooda/data/photo_02_8166/0040b00be12712617032839ffa6f83a469b4c7d9f6e667d9ba17ff0b74b47822.jpg 266 169 373 176 316 209 262 281 372 287 
/home/sooda/data/photo_02_8166/0040b02a756d3011c286051369410094a4fa802f991b8e11603dd60d19fa0995.jpg 261 236 375 236 317 292 255 341 384 338 
/home/sooda/data/photo_02_8166/0040b09267b1bcde8296807a34d15b4371030c50b7423a919f5a5abd747389e1.jpg 206 307 373 316 283 384 207 457 349 464 
/home/sooda/data/photo_02_8166/0040b0bf7084a14b20c5380bcd62823ad7e07d4218d90f3ecf1817100b911920.jpg 256 234 370 237 313 314 259 364 363 366 
/home/sooda/data/photo_02_8166/0040b10bfe73cb9da88fb47242b616c4c8c62a560da1467155670c6cc76acaff.jpg 241 255 381 245 314 315 266 414 377 406 
/home/sooda/data/photo_02_8166/0040b10df5356c74352b4eac423452f024dd295622664b93791f9904b116cf0c.jpg 216 292 396 297 298 421 216 471 387 474 
/home/sooda/data/photo_02_8166/0040b11f26759197207337c5443b231d8f7716d1d719e0756051e299c364f280.jpg 269 191 510 212 376 354 251 420 485 436 
/home/sooda/data/photo_02_8166/0040b177a1f9dfa6be771e4e2f1c6560194eda7f3b7b20469a2445a2a12450e9.jpg 197 184 434 176 331 344 227 445 426 433 
/home/sooda/data/photo_02_8166/0040b17a8fead2587dab2197810797ab478b0726ceefdd1f1a8a883ffba2401e.jpg 258 267 466 262 404 402 266 500 451 489 
/home/sooda/data/photo_02_8166/0040b19dddf7b6b491bd87c090a834c0a16a48276b978f6e29b9eb4a84feba7f.jpg 455 314 647 309 572 422 479 535 651 527 
/home/sooda/data/photo_02_8166/0040b1f42ca3afb6b36dc2f386c55d1f680f3531335fd6d2443248bf402f8a49.jpg 236 227 415 221 335 350 256 412 401 409 
/home/sooda/data/photo_02_8166/0040b2682b0230e1c828bfd29eb884bb97389f0e4bfd46b0c450a02054b35dea.jpg 300 276 430 275 373 343 304 406 426 403 
/home/sooda/data/photo_02_8166/0040b28a897f932d3b9d7aa4f44e209f3df70113007e63a3e8c3f16e019278dc.jpg 468 347 606 350 553 428 470 510 617 511 
/home/sooda/data/photo_02_8166/0040b29133b64e56c6153c478851f0c381c311a1ef0c7eef16c9fb2cf19f1c72.jpg 278 294 434 284 359 379 303 465 429 456 
/home/sooda/data/photo_02_8166/0040b29af81d8d34b31ece330df8b96982b189e01280465321c26b5547214e03.jpg 250 226 387 240 315 297 254 385 361 396 
/home/sooda/data/photo_02_8166/0040b301df7953c4585fd2c44709ac5e30c9499641c41b47eb8ff01042e7d0ef.jpg 224 258 368 244 313 315 257 405 369 394 
/home/sooda/data/photo_02_8166/0040b307e85e792e570ff4fe0b0a443cf89f85693777d5770eca4e0ed3882951.jpg 193 253 354 245 272 321 216 417 350 409 
/home/sooda/data/photo_02_8166/0040b3172c28746be692519121ff98fd08033577489fedaa3a5dfc2df6febc21.jpg 255 352 397 348 337 446 270 516 392 506 
/home/sooda/data/photo_02_8166/0040b3498c11898376d8ac054d07bc99fec5d1d247e5a0f823c0252cabd2cacf.jpg 226 241 405 248 315 354 246 430 378 438 
/home/sooda/data/photo_02_8166/0040b35413297e5bfacc144eb156a9d6aaed619907553d0b60d405883aea22ef.jpg 253 237 405 242 308 315 234 386 407 394 
/home/sooda/data/photo_02_8166/0040b38f938937a76ccd572fdea8602aecfe46df116162d128b32c664529b2a8.jpg 216 211 440 207 337 343 231 429 433 419 
/home/sooda/data/photo_02_8166/0040b442bba66a192074c4df0fe08ea5550ed7e0d6cb5a1c7dc97c507c083bc6.jpg 234 183 397 186 317 237 249 341 387 345 
/home/sooda/data/photo_02_8166/0040b4766305ec9c6272d173c117b867de028dc5fa271b0b119664ace4bc7c0d.jpg 205 304 425 303 321 438 241 526 401 526 
/home/sooda/data/photo_02_8166/0040b4a9b4ebbab767221447bf16776f0fd25e09178d5595d286775893dd939d.jpg 253 290 391 288 326 358 276 426 381 423 
/home/sooda/data/photo_02_8166/0040b4ad68e2e04509a1906fae751cab134719b99ec8d8659760f3771590282f.jpg 210 228 453 231 330 371 240 490 427 492 
/home/sooda/data/photo_02_8166/0040b52944211698b2dd1fd85ac0f8bc61077b9a288cd7359ba900edb963f26d.jpg 391 446 742 453 578 651 401 796 699 805 
/home/sooda/data/photo_02_8166/0040b55606deb632823fdbcc2207655c3f4ba0f6bcbd4516dab0e10b7c72fa27.jpg 274 235 344 239 309 276 278 305 337 308 
/home/sooda/data/photo_02_8166/0040b590be0c52874290761647a4ef22acaca46b1cac2e0f8bb9788002cf64c3.jpg 238 213 524 228 374 318 237 495 506 502 
/home/sooda/data/photo_02_8166/0040b5ab0b4103fcbdfdf63243d0a187983769f9a841941c049a48d6ebddf45a.jpg 250 213 520 207 403 293 230 471 534 462 
/home/sooda/data/photo_02_8166/0040b5d668e7ea5ccf6a725ebaa60d0e70aa546dbadd9b5699b2502e010f0d7a.jpg 266 282 457 280 369 410 295 469 418 468 
/home/sooda/data/photo_02_8166/0040b5e1f31c65fffca245c0278e6f398e0b4a5011f2a5288ed5b2deb9a4ad80.jpg 168 105 451 107 320 256 198 403 448 408 
/home/sooda/data/photo_02_8166/0040b6033096201d56db86057938e430d344a5bc07c1190a9365cdd4e60b7717.jpg 259 205 387 202 327 268 268 317 380 315 
/home/sooda/data/photo_02_8166/0040b697b83fc8b6c350ab0b1c620a36c4de7f0a29638c4e11fc9bf1838890ea.jpg 468 520 790 536 624 754 448 851 771 853 
/home/sooda/data/photo_02_8166/0040b6c4d325c5e59549e8968c7188eb0635e25eba725110fcf9a4334811c5e3.jpg 228 247 391 243 327 332 251 425 387 422 
/home/sooda/data/photo_02_8166/0040b6c7a320cf2d02bc0d07164b415bbe9de674cc4c7092ca56a51b187811be.jpg 224 235 413 225 322 339 254 438 410 430 
/home/sooda/data/photo_02_8166/0040b6d4913ff92bb87804e041d9b2982affadddd741daff15b5268117b1f601.jpg 226 177 394 171 320 263 260 362 369 358 
/home/sooda/data/photo_02_8166/0040b6e1056759c0c16f590206d5de4675eaf2b9980e26e54f43533c4c6c3638.jpg 247 180 384 180 317 255 256 328 372 328 
/home/sooda/data/photo_02_8166/0040b6f9694f43c2675b850286f9973dc87a84832eca99a317f579d82427757a.jpg 249 176 383 185 309 275 231 303 385 312 
/home/sooda/data/photo_02_8166/0040b7b1163c74ddb2fdf83da1e48be104907b04b97d2593a205d9115c327109.jpg 246 242 418 240 322 348 259 425 407 427 
/home/sooda/data/photo_02_8166/0040b7b3ab131454d6cf34630ed0e3b62231a1d92baa61a0146d6e219e42aa0d.jpg 176 169 449 171 329 344 191 415 419 414 
/home/sooda/data/photo_02_8166/0040b7beedfb9ea18fda6c3fbfdac5e5cab40a25f97527eeedd43069922edae2.jpg 230 168 429 170 317 251 226 358 422 363 
/home/sooda/data/photo_02_8166/0040b7ce29671c83fefedeaa8a0112e45ccde1397d2ddd1cc309f02cfbd91477.jpg 198 253 419 240 307 369 242 497 403 490 
/home/sooda/data/photo_02_8166/0040b7e190e0b3469f4c5cd9acec18d2e8bb0f5cb758c4a77f6b0ba0882274e7.jpg 267 277 493 281 384 422 273 483 467 483 
/home/sooda/data/photo_02_8166/0040b7f67fe54fbb2ef91b4e49267797e8cbf2dbcf1c0ac0e4021316cb3bf5c6.jpg 266 312 464 310 363 424 292 521 437 524 
/home/sooda/data/photo_02_8166/0040b84c119e12d2eb808b5fdd454d1440467d9f01e1e43c16bcf0147168f699.jpg 448 77 556 74 497 141 459 216 539 214 
/home/sooda/data/photo_02_8166/0040b8719304dc7622748471a91801112e4e2ee0950ffd92489a0780c1f078a0.jpg 260 178 387 180 321 243 271 310 371 311 
/home/sooda/data/photo_02_8166/0040b8ab96b755942608d9cf38649da75cf35a116213935acb2932110d59528f.jpg 243 198 388 184 323 267 257 337 399 328 
/home/sooda/data/photo_02_8166/0040b8bd8024af8f4c0c4261ab33fd151ffb8fdf58e61ab18fec6fbdaab3ad94.jpg 234 242 410 240 322 379 231 420 412 421 
